#1
12
C
N
C
C
C
C
C
C
C
C
C
C
11
0 2 1
0 6 1
0 11 2
1 2 1
1 3 1
1 8 1
3 4 1
4 5 1
5 9 1
6 7 2
7 10 1
#2
11
C
C
C
C
C
C
C
C
C
C
C
11
0 1 1
0 2 1
0 3 1
1 4 1
1 5 1
2 6 1
3 7 1
4 6 1
5 9 1
7 8 1
8 10 1
#3
9
C
C
C
C
C
C
C
C
O
9
0 1 1
0 2 1
0 3 1
1 4 1
1 8 1
2 5 1
3 6 1
4 5 1
6 7 1
#4
13
C
C
C
C
C
C
C
C
C
N
C
C
C
12
0 1 1
0 2 1
0 10 1
1 4 1
2 9 1
3 5 1
3 9 1
4 8 2
5 6 2
6 7 1
7 12 2
8 11 1
#5
9
C
C
C
C
C
N
C
N
O
8
0 3 2
0 5 1
0 6 1
1 2 1
1 7 1
2 4 2
3 4 1
5 8 2
#6
8
C
C
C
C
P
C
C
C
7
0 4 1
0 5 1
0 7 2
1 2 1
1 4 1
2 3 2
3 6 1
#7
10
C
C
C
C
C
C
C
C
C
N
9
0 1 1
0 3 1
0 5 2
1 7 1
2 4 1
2 9 1
3 8 2
4 6 2
5 6 1
#8
12
C
C
C
C
C
C
C
C
C
C
C
C
11
0 3 1
0 4 1
0 5 2
1 2 1
1 6 2
1 8 1
2 5 1
3 9 1
4 7 2
6 10 1
7 11 1
#9
12
C
C
C
C
C
C
C
O
C
C
C
C
11
0 2 1
0 4 1
0 9 2
1 4 2
1 5 1
1 7 1
2 3 1
3 6 1
5 10 2
6 11 2
7 8 1
#10
9
C
C
C
C
N
C
C
C
N
8
0 1 1
0 2 2
0 5 1
1 4 2
1 8 1
2 3 1
3 7 2
4 6 1
#11
12
C
C
C
C
C
C
C
C
C
C
C
C
11
0 1 1
0 4 1
0 6 1
1 5 1
1 7 1
2 4 1
2 8 1
2 9 1
3 5 1
3 10 1
3 11 1
#12
11
C
C
C
C
C
C
C
N
C
C
C
10
0 1 1
0 2 1
0 6 2
1 4 1
2 7 1
3 5 1
3 7 1
4 8 1
5 9 1
6 10 1
#13
11
C
N
C
C
C
C
C
C
C
C
C
10
0 4 1
0 7 1
0 9 2
1 2 1
1 3 1
1 8 1
2 5 1
3 6 1
4 5 2
6 10 2
#14
13
C
C
C
C
C
C
C
C
O
C
C
C
C
12
0 2 1
0 4 2
0 9 1
1 3 1
1 5 2
1 8 1
2 8 1
3 10 2
4 6 1
5 7 1
6 11 2
7 12 2
#15
11
C
N
C
C
C
C
C
C
C
C
O
10
0 3 1
0 5 2
0 10 1
1 2 1
1 7 1
1 8 1
2 4 1
3 9 2
4 6 2
5 6 1
#16
12
C
C
C
C
C
C
C
O
O
C
C
C
11
0 1 1
0 2 1
0 7 1
1 3 1
2 4 1
3 8 1
4 9 1
5 7 1
5 10 1
6 8 1
6 11 1
#17
13
C
C
C
C
C
C
C
C
C
O
C
C
C
12
0 2 1
0 9 1
0 11 2
1 3 1
1 9 1
2 6 2
3 4 2
4 5 1
5 8 2
6 7 1
7 12 2
8 10 1
#18
12
C
C
C
C
C
C
C
C
C
C
C
C
11
0 2 1
0 3 1
0 9 2
1 2 1
1 8 1
1 10 2
3 4 2
4 5 1
5 6 2
6 7 1
7 11 2
#19
10
C
C
C
C
C
N
C
C
C
O
9
0 1 1
0 2 1
0 7 2
1 5 1
1 9 2
2 6 1
3 4 1
3 5 1
4 8 2
#20
7
C
C
C
C
C
C
O
6
0 1 1
0 2 1
0 4 1
1 3 2
2 5 2
3 6 1
#21
12
C
C
C
C
C
C
C
C
C
C
C
C
11
0 1 1
0 6 2
0 8 1
1 9 1
1 11 2
2 3 1
2 4 1
3 5 1
4 10 1
5 7 2
6 7 1
#22
11
C
C
C
C
C
C
C
C
C
C
C
10
0 3 1
0 4 1
0 6 1
1 2 1
1 3 1
1 5 2
2 7 1
2 10 2
4 8 1
5 9 1
#23
12
C
C
C
C
C
C
C
C
C
C
C
O
11
0 2 1
0 3 1
0 6 2
1 2 1
1 4 2
1 8 1
3 10 2
4 5 1
5 7 2
6 9 1
7 11 1
#24
13
C
C
C
C
C
C
C
C
N
N
C
C
O
12
0 1 1
0 8 1
0 12 2
1 2 1
2 9 1
3 4 1
3 5 2
4 7 2
5 6 1
6 11 2
7 8 1
9 10 1
#25
11
C
C
C
C
C
C
N
N
C
C
O
10
0 1 1
0 6 1
0 10 2
1 7 1
2 3 1
2 4 1
3 6 1
4 8 1
5 7 1
5 9 1
#26
11
C
C
C
C
C
C
C
C
C
C
C
10
0 2 1
0 3 1
0 7 1
1 2 1
1 5 1
1 8 2
3 4 1
4 6 1
5 9 2
6 10 2
#27
10
C
C
C
C
C
C
C
C
C
C
9
0 1 1
0 2 1
0 5 2
1 7 1
2 3 2
3 4 1
4 6 2
5 8 1
6 9 1
#28
12
C
C
C
C
C
C
C
C
C
C
O
O
11
0 1 1
0 2 1
0 8 2
1 3 1
1 10 2
2 4 2
3 5 2
4 6 1
5 7 1
6 9 2
7 11 2
#29
13
C
C
C
C
C
C
C
C
C
C
C
C
O
12
0 2 1
0 3 1
0 6 1
1 2 1
1 7 2
1 9 1
3 4 1
4 5 1
5 10 1
6 12 2
7 8 1
8 11 2
#30
13
C
C
C
C
C
C
C
C
C
C
C
C
C
12
0 2 1
0 3 1
0 8 2
1 4 1
1 5 1
2 6 2
3 12 2
4 7 2
5 9 2
6 7 1
8 10 1
9 11 1
#31
12
C
C
C
C
C
C
C
C
C
C
C
C
11
0 2 1
0 4 1
0 5 1
1 3 1
1 6 1
1 8 1
2 7 1
3 7 1
4 9 1
5 10 1
6 11 1
#32
6
C
C
C
C
N
N
6
0 1 1
0 2 2
1 5 2
2 4 1
3 4 2
3 5 1
#33
13
C
C
C
C
C
C
C
C
C
N
C
C
C
12
0 1 1
0 2 1
0 11 2
1 9 1
2 12 2
3 4 2
3 5 1
4 6 1
5 7 2
6 8 2
7 9 1
8 10 1
#34
10
C
C
C
C
C
C
C
C
C
C
9
0 1 1
0 4 1
1 6 1
2 3 1
2 5 1
3 8 1
4 5 2
6 7 2
7 9 1
#35
11
C
C
C
C
C
C
N
C
C
C
N
10
0 2 1
0 7 2
0 10 1
1 3 1
1 6 1
1 8 2
2 6 1
3 4 2
4 5 1
5 9 2
#36
11
C
C
C
C
C
C
O
C
C
C
O
10
0 2 1
0 3 1
0 9 2
1 4 1
1 5 2
1 6 1
2 7 1
3 4 2
5 10 1
6 8 1
#37
11
C
C
C
C
C
C
C
C
C
C
C
10
0 2 1
0 4 1
0 5 1
1 3 1
1 7 1
1 8 1
2 6 1
3 6 1
4 9 1
5 10 1
#38
10
C
C
C
C
C
C
O
C
C
O
9
0 3 1
0 4 2
0 6 1
1 4 1
1 9 1
2 6 1
2 7 1
3 5 2
5 8 1
#39
13
C
C
C
C
C
C
C
C
C
C
C
C
C
12
0 1 2
0 3 1
0 8 1
1 4 1
1 9 1
2 3 1
2 5 2
2 10 1
4 11 1
5 6 1
6 7 2
7 12 1
#40
10
C
C
C
C
C
C
C
C
C
O
9
0 2 1
0 3 1
0 5 1
1 2 1
1 6 1
1 8 2
3 4 1
4 7 1
5 9 2
#41
13
C
C
C
C
C
C
C
C
C
C
C
C
O
12
0 1 2
0 2 1
0 4 1
1 5 1
1 12 1
2 3 1
3 6 1
4 9 2
5 10 2
6 7 2
7 8 1
8 11 2
#42
9
C
C
C
C
C
N
C
C
O
8
0 5 1
0 6 1
0 8 2
1 2 1
1 3 1
2 4 1
3 5 1
4 7 2
#43
10
C
C
C
C
C
C
C
C
C
C
9
0 2 1
0 4 1
1 3 1
1 5 1
2 6 2
3 7 2
4 8 2
5 9 2
6 7 1
#44
10
N
C
C
C
C
C
C
C
C
O
9
0 1 1
0 2 1
0 4 1
1 3 1
2 5 1
3 6 1
4 9 2
5 7 2
6 8 2
#45
11
C
C
C
C
C
C
C
C
C
C
C
10
0 4 2
0 8 1
0 9 1
1 2 1
1 3 1
2 5 2
3 6 2
4 5 1
6 7 1
7 10 2
#46
10
C
C
C
C
O
O
C
C
C
C
9
0 1 1
0 3 2
0 4 1
1 6 1
1 9 2
2 3 1
2 5 1
4 7 1
5 8 1
#47
6
C
C
C
O
C
N
5
0 2 1
0 3 1
1 3 1
1 4 1
2 5 2
#48
11
C
C
C
C
C
C
C
N
O
C
C
10
0 1 1
0 3 1
1 7 1
2 7 1
2 9 1
3 4 2
4 5 1
5 6 2
6 8 1
8 10 1
#49
10
C
C
C
C
C
C
C
N
C
C
9
0 3 1
0 4 1
1 5 1
1 7 1
2 6 1
2 8 1
3 5 2
4 6 2
7 9 1
#50
10
C
C
C
C
C
C
C
O
C
O
9
0 1 2
0 2 1
1 3 1
2 4 2
3 6 2
4 7 1
5 7 1
5 9 2
6 8 1
#51
12
C
C
C
C
C
C
C
C
N
C
C
C
11
0 5 1
0 6 2
0 9 1
1 2 1
1 6 1
2 8 1
3 4 1
3 8 1
4 10 1
5 7 2
7 11 1
#52
13
C
C
C
C
C
C
C
C
C
C
C
C
C
12
0 2 1
0 3 1
0 9 1
1 4 1
1 6 1
1 7 2
2 4 1
3 5 1
5 10 1
6 8 2
7 11 1
8 12 1
#53
12
C
C
C
C
C
C
C
C
C
C
C
C
11
0 1 1
0 6 1
0 7 1
0 8 1
1 3 1
1 9 1
2 4 1
2 5 1
2 10 1
3 4 1
5 11 1
#54
10
C
C
C
C
O
C
C
C
C
C
9
0 1 1
0 3 2
0 4 1
1 5 1
1 8 2
2 3 1
2 6 1
2 9 2
4 7 1
#55
10
C
C
C
C
C
C
C
N
C
C
9
0 1 1
0 2 1
1 3 1
2 4 2
3 6 2
4 5 1
5 8 2
6 7 1
7 9 2
#56
10
C
N
C
C
C
C
C
C
C
O
9
0 1 1
0 4 2
0 6 1
1 2 1
1 3 1
2 7 1
3 9 2
4 5 1
5 8 2
#57
10
C
C
C
C
C
C
C
C
O
O
9
0 3 1
0 4 2
0 7 1
1 4 1
1 5 1
2 6 1
2 8 1
3 9 2
5 6 2
#58
7
C
C
C
C
C
O
O
6
0 2 2
0 4 1
0 5 1
1 2 1
1 3 1
3 6 2
#59
8
C
C
C
C
C
P
C
C
7
0 1 1
0 2 2
1 7 2
2 5 1
3 4 2
3 5 1
4 6 1
#60
10
C
N
C
C
C
C
C
C
C
C
9
0 1 1
0 4 1
0 6 1
1 2 1
1 7 1
2 3 1
3 8 1
4 5 2
5 9 1
#61
11
C
C
C
C
C
C
C
C
C
C
O
10
0 2 1
0 4 1
0 6 2
1 2 1
1 7 1
1 9 2
3 5 1
3 10 1
4 5 2
6 8 1
#62
8
N
C
C
C
C
C
C
N
7
0 1 1
0 2 1
0 7 1
1 3 1
2 4 1
3 5 1
4 6 1
#63
11
C
C
C
C
C
C
C
C
C
C
N
10
0 1 1
0 3 2
0 10 1
1 2 1
2 5 2
3 4 1
4 7 2
5 6 1
6 9 2
7 8 1
#64
12
C
N
C
C
C
C
C
N
C
C
C
C
11
0 3 1
0 4 1
0 5 2
1 2 1
1 7 1
1 8 1
2 9 1
3 7 2
4 10 2
5 6 1
6 11 2
#65
8
C
C
C
C
O
C
C
O
7
0 2 1
0 6 2
0 7 1
1 3 1
1 4 1
2 3 2
4 5 1
#66
11
C
C
C
C
C
C
C
N
C
C
C
10
0 1 1
0 2 1
0 3 1
1 4 1
2 5 1
3 8 1
4 6 1
5 7 1
6 9 1
7 10 1
#67
12
C
C
C
C
C
C
C
N
C
C
C
C
11
0 1 2
0 2 1
0 8 1
1 9 1
1 10 1
2 7 1
3 4 1
3 7 1
4 5 2
5 6 1
6 11 2
#68
12
C
C
C
C
C
C
C
C
C
C
C
O
11
0 2 1
0 3 1
0 5 1
1 2 1
1 8 1
1 10 2
3 4 1
4 6 1
5 11 2
6 7 2
7 9 1
#69
11
C
C
C
C
C
C
C
C
C
C
O
10
0 2 1
0 7 1
0 8 1
1 2 1
1 3 1
1 10 2
3 4 2
4 5 1
5 6 2
6 9 1
#70
9
C
C
C
C
C
N
C
C
N
8
0 2 1
0 5 1
0 6 2
1 3 1
1 8 1
2 7 2
3 4 2
4 5 1
#71
7
C
C
C
C
C
C
O
6
0 1 1
0 4 1
0 5 2
1 2 1
2 3 1
3 6 2
#72
13
C
C
C
C
C
C
C
C
C
C
C
C
C
12
0 1 1
0 2 1
0 3 2
1 4 2
2 11 2
3 8 1
4 5 1
5 6 2
6 7 1
7 9 2
8 12 2
9 10 1
#73
9
C
C
C
C
C
C
C
C
N
8
0 1 1
0 4 2
0 8 1
1 2 1
2 3 1
3 6 1
4 5 1
5 7 2
#74
8
C
C
C
C
O
C
C
O
7
0 1 1
0 2 1
0 3 2
1 4 1
2 6 2
3 7 1
4 5 1
#75
11
N
C
C
C
C
C
C
C
C
C
N
10
0 1 1
0 2 1
0 8 1
1 3 1
2 10 2
3 4 2
4 5 1
5 6 2
6 7 1
7 9 2
#76
10
C
C
C
C
C
C
N
C
N
O
9
0 1 1
0 6 1
0 9 1
1 2 1
2 7 1
3 4 1
3 8 1
4 5 2
5 6 1
#77
12
C
C
C
C
C
C
C
N
O
C
C
C
11
0 5 1
0 6 2
0 7 1
1 2 1
1 3 1
2 4 1
3 7 1
4 8 1
5 11 2
6 9 1
8 10 1
#78
10
C
C
C
C
C
C
C
C
C
C
9
0 1 1
0 2 1
0 5 2
1 3 1
2 7 1
3 6 1
4 5 1
4 8 1
6 9 2
#79
10
C
C
C
C
C
C
C
C
C
O
9
0 1 1
0 2 1
0 8 2
1 3 1
2 5 1
3 7 1
4 6 1
4 9 1
5 6 2
#80
13
C
C
C
C
C
C
C
C
C
C
C
C
C
12
0 2 1
0 3 1
0 9 1
1 4 1
1 6 2
1 10 1
2 4 1
3 5 1
5 8 2
6 7 1
7 12 2
8 11 1
#81
13
C
C
C
C
C
C
C
C
C
C
C
C
C
12
0 2 1
0 4 1
0 9 1
1 3 1
1 5 1
1 10 1
2 6 1
3 6 1
4 7 1
5 8 1
7 11 1
8 12 1
#82
12
C
C
C
C
C
C
C
C
C
N
C
N
12
0 2 1
0 4 2
0 9 1
1 3 1
1 8 2
1 10 1
2 6 2
3 9 2
4 5 1
5 7 2
6 7 1
8 11 1
#83
13
C
C
C
C
C
C
C
C
C
P
C
C
C
12
0 2 1
0 4 2
0 9 1
1 3 1
1 9 1
2 11 2
3 5 2
4 7 1
5 6 1
6 8 2
7 12 2
8 10 1
#84
10
C
N
C
C
C
C
C
C
C
O
9
0 4 2
0 6 1
0 9 1
1 2 1
1 7 1
1 8 1
2 3 1
3 5 2
4 5 1
#85
11
C
C
C
C
C
C
C
C
N
C
C
10
0 1 1
0 4 1
1 8 1
2 5 1
2 8 1
3 6 1
3 9 1
4 6 2
5 7 2
7 10 1
#86
13
C
C
C
C
C
C
C
C
C
C
C
C
O
12
0 1 1
0 3 1
0 5 2
1 2 1
2 4 1
3 10 2
4 6 2
5 8 1
6 7 1
7 9 2
8 11 2
9 12 1
#87
11
C
C
C
C
C
C
C
C
C
N
O
10
0 2 1
0 3 2
0 9 1
1 3 1
1 4 1
2 10 2
4 5 2
5 6 1
6 7 2
7 8 1
#88
12
C
C
C
C
C
C
C
C
N
C
C
C
11
0 1 1
0 8 1
0 9 1
1 4 1
2 3 1
2 8 1
3 10 1
4 5 2
5 6 1
6 7 2
7 11 1
#89
6
C
C
N
N
C
N
5
0 2 1
0 3 1
1 2 1
1 5 1
3 4 1
#90
13
C
C
C
C
C
C
C
C
C
C
C
C
C
12
0 1 1
0 3 1
0 8 2
1 4 2
1 9 1
2 4 1
2 5 1
3 11 2
5 6 2
6 7 1
7 12 2
8 10 1
#91
9
N
C
C
C
C
S
C
C
C
8
0 1 1
0 2 1
0 6 1
1 3 1
2 5 1
3 4 2
4 7 1
5 8 1
#92
12
C
C
C
C
C
C
C
C
C
C
C
C
11
0 1 1
0 2 1
0 8 1
0 9 1
1 3 1
2 4 1
3 5 2
4 11 2
5 6 1
6 7 2
7 10 1
#93
12
C
C
C
C
C
C
C
N
C
C
C
C
11
0 2 1
0 7 1
0 8 1
1 3 1
1 6 2
1 9 1
2 10 1
3 4 1
4 5 1
5 7 1
6 11 1
#94
11
C
C
C
C
C
C
C
C
O
C
O
10
0 1 1
0 2 1
1 3 2
2 5 2
3 4 1
4 7 2
5 6 1
6 10 2
7 8 1
8 9 1
#95
13
C
C
C
C
C
C
C
C
C
N
C
C
C
12
0 1 1
0 2 1
0 5 2
1 9 1
2 10 1
3 4 1
3 9 1
4 7 2
5 6 1
6 8 2
7 11 1
8 12 1
#96
12
C
C
C
C
C
C
C
C
C
C
C
C
11
0 1 1
0 3 1
0 6 2
1 4 1
1 11 2
2 5 1
2 8 1
3 7 2
4 5 2
6 9 1
7 10 1
#97
13
C
C
C
C
C
C
C
C
N
C
C
C
C
12
0 3 1
0 4 1
0 10 2
1 5 1
1 7 2
1 8 1
2 6 1
2 8 1
3 6 2
4 11 2
5 12 2
7 9 1
#98
11
C
C
C
C
C
C
C
N
C
C
C
10
0 1 1
0 4 2
0 8 1
1 5 1
2 4 1
2 7 1
3 7 1
3 9 1
5 6 2
6 10 1
#99
9
C
C
C
C
C
C
N
C
N
8
0 1 1
0 4 1
1 6 1
2 3 1
2 6 1
3 7 1
4 5 2
5 8 1
#100
12
C
C
C
C
C
C
C
C
C
C
C
C
11
0 2 1
0 4 1
0 8 1
1 3 1
1 5 1
1 9 1
2 6 1
3 6 1
4 7 1
5 10 1
7 11 2
